356
35 354
35 298
112 298
112 266
72 266
72 155
145 155
145 188
125 188
125 221
193 221
193 183
172 183
172 125
214 125
214 84
104 84
104 12
226 12
226 36
290 36
290 53
343 53
343 18
396 18
396 152
310 152
310 127
362 127
362 98
284 98
284 156
251 156
251 197
284 197
284 253
351 253
351 211
429 211
429 182
406 182
406 39
441 39
441 28
557 28
557 44
499 44
499 71
466 71
466 114
447 114
447 144
490 144
490 354
543 354
543 270
510 270
510 237
598 237
598 191
544 191
544 140
604 140
604 74
585 74
585 46
712 46
712 134
677 134
677 99
651 99
651 82
685 82
685 112
699 112
699 64
638 64
638 155
592 155
592 173
655 173
655 201
630 201
630 217
658 217
658 297
625 297
625 320
593 320
593 334
583 334
583 390
691 390
691 173
765 173
765 241
740 241
740 263
773 263
773 303
731 303
731 329
768 329
768 358
720 358
720 397
800 397
800 136
754 136
754 65
788 65
788 45
858 45
858 87
818 87
818 111
872 111
872 186
845 186
845 222
829 222
829 278
862 278
862 321
850 321
850 370
824 370
824 676
203 676
203 518
233 518
233 471
194 471
194 424
371 424
371 484
314 484
314 444
276 444
276 535
246 535
246 612
305 612
305 646
337 646
337 551
434 551
434 478
695 478
695 618
614 618
614 568
655 568
655 529
585 529
585 496
535 496
535 555
498 555
498 603
444 603
444 647
744 647
744 606
719 606
719 547
800 547
800 497
752 497
752 452
697 452
697 427
617 427
617 418
522 418
522 383
448 383
448 356
466 356
466 317
398 317
398 286
462 286
462 235
377 235
377 374
336 374
336 307
279 307
279 291
244 291
244 253
225 253
225 331
276 331
276 364
221 364
221 396
184 396
184 306
138 306
138 369
162 369
162 401
140 401
140 444
166 444
166 475
133 475
133 517
173 517
173 549
184 549
184 591
144 591
144 552
116 552
116 601
156 601
156 650
124 650
124 678
164 678
164 702
323 702
323 755
370 755
370 727
415 727
415 692
495 692
495 750
558 750
558 713
595 713
595 694
636 694
636 742
600 742
600 787
675 787
675 758
654 758
654 726
688 726
688 706
759 706
759 727
743 727
743 747
710 747
710 781
699 781
699 823
785 823
785 784
759 784
759 761
787 761
787 710
858 710
858 753
837 753
837 784
814 784
814 825
862 825
862 862
810 862
810 848
770 848
770 886
723 886
723 859
683 859
683 846
660 846
660 871
630 871
630 833
558 833
558 798
500 798
500 855
469 855
469 808
400 808
400 862
353 862
353 781
455 781
455 764
334 764
334 816
305 816
305 843
331 843
331 885
273 885
273 795
317 795
317 767
268 767
268 745
299 745
299 720
230 720
230 792
206 792
206 822
259 822
259 883
213 883
213 905
156 905
156 837
181 837
181 779
142 779
142 755
196 755
196 731
103 731
103 683
80 683
80 654
64 654
64 625
107 625
107 590
80 590
80 569
95 569
95 533
55 533
55 590
35 590
35 501
95 501
95 481
62 481
62 443
122 443
122 419
51 419
51 460
31 460
31 432
38 432
38 400
87 400
87 375
111 375
111 342
60 342
60 354
100 1 2 4 5 7 8 9 10 11 13 14 16 18 19 20 22 23 24 27 28 29 30 31 32 33 35 37 39 40 41 44 45 46 47 50 53 55 58 61 63 65 68 71 72 74 77 79 80 82 83 85 87 90 91 93 95 96 98 99 100 101 102 103 105 108 109 111 112 113 115 117 118 119 121 123 125 128 130 131 134 135 137 138 140 142 143 145 148 150 153 156 157 159 161 162 164 167 170 171 173
101 1 2 3 5 6 8 9 10 11 12 14 15 17 19 20 21 23 24 25 28 29 30 31 32 33 34 36 38 40 41 42 45 46 47 48 51 54 56 59 62 64 66 69 72 73 75 78 80 81 83 84 86 88 91 92 94 96 97 99 100 101 102 103 104 106 109 110 112 113 114 116 118 119 120 122 124 126 129 131 132 135 136 138 139 141 143 144 146 149 151 154 157 158 160 162 163 165 168 171 172 174
98 3 4 6 7 9 10 11 12 13 15 16 18 20 21 22 24 25 26 29 30 31 32 33 34 35 37 39 41 42 43 46 47 48 49 52 55 57 60 65 67 70 73 74 76 79 81 82 84 85 87 89 92 93 95 97 98 100 101 102 103 104 105 107 110 111 113 114 115 117 120 121 123 125 127 130 132 133 136 137 139 140 142 144 145 147 150 152 155 158 159 161 163 164 166 169 172 173 175
-1