110
3132 684
3132 876
2281 876
2281 1425
2700 1425
2700 1246
2578 1246
2578 1358
2441 1358
2441 1106
2879 1106
2879 1763
2549 1763
2549 1592
2154 1592
2154 2250
2675 2250
2675 2032
2496 2032
2496 2134
2335 2134
2335 1886
3068 1886
3068 2187
2883 2187
2883 2553
2653 2553
2653 2387
2236 2387
2236 2531
2468 2531
2468 2667
2697 2667
2697 2818
1966 2818
1966 2588
1740 2588
1740 2749
1416 2749
1416 2611
1257 2611
1257 3004
1648 3004
1648 3183
1045 3183
1045 2488
947 2488
947 2598
843 2598
843 2677
938 2677
938 2816
385 2816
385 2677
519 2677
519 2598
279 2598
279 2987
0 2987
0 2565
259 2565
259 2443
149 2443
149 2132
318 2132
318 2366
576 2366
576 2472
679 2472
679 2376
1831 2376
1831 1723
1648 1723
1648 1827
1788 1827
1788 2053
1628 2053
1628 2211
1762 2211
1762 2285
575 2285
575 2028
787 2028
787 1867
907 1867
907 2150
1489 2150
1489 1706
1257 1706
1257 1855
1391 1855
1391 1979
1116 1979
1116 1692
937 1692
937 1786
711 1786
711 1941
530 1941
530 1576
1877 1576
1877 1291
1973 1291
1973 953
1482 953
1482 1108
1621 1108
1621 1372
1340 1372
1340 684
35 1 2 3 5 7 9 10 11 13 16 18 19 20 22 23 25 26 28 29 30 31 32 35 36 37 39 40 41 42 43 45 47 49 50 51
36 1 2 3 4 6 8 10 11 12 14 17 19 20 21 23 24 26 27 29 30 31 32 33 36 37 38 40 41 42 43 44 46 48 50 51 52
33 3 4 5 7 8 11 12 13 15 18 21 22 24 25 27 28 30 31 32 33 34 37 38 39 41 42 43 44 45 47 49 51 52
-1